"","V1","V2","V3","V4","V5","V6","V7","V8","V9","V10","V11","V12","V13","V14","V15","V16","V17","V18","V19","V20"
"/srv/data/multimodal/finnishsubset//100650-10.swf.txt",0.316578749058026,0.0829691032403919,7.53579502637528e-05,7.53579502637528e-05,7.53579502637528e-05,7.53579502637528e-05,7.53579502637528e-05,7.53579502637528e-05,7.53579502637528e-05,7.53579502637528e-05,0.301507159005275,7.53579502637528e-05,7.53579502637528e-05,7.53579502637528e-05,7.53579502637528e-05,0.297739261492087,7.53579502637528e-05,7.53579502637528e-05,7.53579502637528e-05,7.53579502637528e-05
"/srv/data/multimodal/finnishsubset//100650-11.swf.txt",0.435823429541596,0.107583474816072,0.0170345217883418,5.65930956423316e-05,5.65930956423316e-05,5.65930956423316e-05,5.65930956423316e-05,5.65930956423316e-05,5.65930956423316e-05,5.65930956423316e-05,0.135880022637238,5.65930956423316e-05,0.0481607243916242,5.65930956423316e-05,0.0311827956989247,0.223599320882852,5.65930956423316e-05,5.65930956423316e-05,5.65930956423316e-05,5.65930956423316e-05
"/srv/data/multimodal/finnishsubset//100650-19.swf.txt",0.00250368188512518,0.10559646539028,4.90918016691213e-05,4.90918016691213e-05,4.90918016691213e-05,4.90918016691213e-05,4.90918016691213e-05,0.301963672066765,4.90918016691213e-05,4.90918016691213e-05,4.90918016691213e-05,0.00250368188512518,0.218507609229259,4.90918016691213e-05,4.90918016691213e-05,0.208689248895434,4.90918016691213e-05,4.90918016691213e-05,0.0957781050564556,0.0638684339715268
"/srv/data/multimodal/finnishsubset//100650-22.swf.txt",0.035734664764622,7.13266761768902e-05,7.13266761768902e-05,7.13266761768902e-05,7.13266761768902e-05,7.13266761768902e-05,7.13266761768902e-05,7.13266761768902e-05,7.13266761768902e-05,0.042867332382311,0.0749643366619116,7.13266761768902e-05,0.246148359486448,7.13266761768902e-05,7.13266761768902e-05,0.239015691868759,7.13266761768902e-05,7.13266761768902e-05,0.00720399429386591,0.353138373751783
"/srv/data/multimodal/finnishsubset//100650-23.swf.txt",0.049384236453202,0.000123152709359606,0.000123152709359606,0.000123152709359606,0.000123152709359606,0.0185960591133005,0.000123152709359606,0.000123152709359606,0.000123152709359606,0.0678571428571429,0.000123152709359606,0.000123152709359606,0.191009852216749,0.000123152709359606,0.000123152709359606,0.289532019704433,0.0062807881773399,0.000123152709359606,0.000123152709359606,0.375738916256158
"/srv/data/multimodal/finnishsubset//100650-24.swf.txt",0.164825581395349,0.0340116279069767,9.68992248062015e-05,0.0340116279069767,9.68992248062015e-05,9.68992248062015e-05,9.68992248062015e-05,9.68992248062015e-05,9.68992248062015e-05,0.0727713178294574,9.68992248062015e-05,9.68992248062015e-05,9.68992248062015e-05,9.68992248062015e-05,9.68992248062015e-05,0.130910852713178,9.68992248062015e-05,9.68992248062015e-05,0.179360465116279,0.382848837209302
"/srv/data/multimodal/finnishsubset//100650-25.swf.txt",0.0325769854132901,0.121717990275527,0.000162074554294976,0.000162074554294976,0.000162074554294976,0.000162074554294976,0.0325769854132901,0.000162074554294976,0.000162074554294976,0.0163695299837925,0.0974068071312804,0.000162074554294976,0.0893030794165316,0.000162074554294976,0.000162074554294976,0.0649918962722852,0.073095623987034,0.000162074554294976,0.000162074554294976,0.470178282009725
"/srv/data/multimodal/finnishsubset//100650-26.swf.txt",0.308962623951182,0.0191075514874142,3.813882532418e-05,3.813882532418e-05,3.813882532418e-05,3.813882532418e-05,0.0133867276887872,3.813882532418e-05,0.00194508009153318,3.813882532418e-05,3.813882532418e-05,3.813882532418e-05,0.0820366132723112,3.813882532418e-05,0.0324561403508772,0.215522501906941,3.813882532418e-05,0.209801678108314,0.0381769641495042,0.0782227307398932
"/srv/data/multimodal/finnishsubset//100650-2.swf.txt",0.0270580296896086,6.74763832658569e-05,0.0371794871794872,6.74763832658569e-05,6.74763832658569e-05,6.74763832658569e-05,6.74763832658569e-05,0.0135627530364372,6.74763832658569e-05,6.74763832658569e-05,0.0776653171390013,0.664709851551957,6.74763832658569e-05,0.0203103913630229,6.74763832658569e-05,0.148515519568151,6.74763832658569e-05,6.74763832658569e-05,0.0101889338731444,6.74763832658569e-05
"/srv/data/multimodal/finnishsubset//100650-33.swf.txt",6.36132315521628e-05,0.0827608142493639,6.36132315521628e-05,0.0732188295165394,6.36132315521628e-05,6.36132315521628e-05,0.00324427480916031,6.36132315521628e-05,0.00324427480916031,0.337213740458015,6.36132315521628e-05,6.36132315521628e-05,0.381743002544529,0.00324427480916031,6.36132315521628e-05,0.114567430025445,6.36132315521628e-05,6.36132315521628e-05,6.36132315521628e-05,6.36132315521628e-05
"/srv/data/multimodal/finnishsubset//100650-3.swf.txt",0.170065789473684,0.0549342105263158,0.0165570175438596,0.181030701754386,0.000109649122807018,0.000109649122807018,0.000109649122807018,0.000109649122807018,0.000109649122807018,0.000109649122807018,0.000109649122807018,0.000109649122807018,0.000109649122807018,0.000109649122807018,0.000109649122807018,0.043969298245614,0.000109649122807018,0.531907894736842,0.000109649122807018,0.000109649122807018
"/srv/data/multimodal/finnishsubset//100650-42.swf.txt",3.63372093023256e-05,3.63372093023256e-05,3.63372093023256e-05,3.63372093023256e-05,0.999309593023256,3.63372093023256e-05,3.63372093023256e-05,3.63372093023256e-05,3.63372093023256e-05,3.63372093023256e-05,3.63372093023256e-05,3.63372093023256e-05,3.63372093023256e-05,3.63372093023256e-05,3.63372093023256e-05,3.63372093023256e-05,3.63372093023256e-05,3.63372093023256e-05,3.63372093023256e-05,3.63372093023256e-05
"/srv/data/multimodal/finnishsubset//100650-43.swf.txt",4.14593698175788e-05,4.14593698175788e-05,4.14593698175788e-05,0.00211442786069652,4.14593698175788e-05,4.14593698175788e-05,4.14593698175788e-05,4.14593698175788e-05,4.14593698175788e-05,4.14593698175788e-05,4.14593698175788e-05,4.14593698175788e-05,4.14593698175788e-05,4.14593698175788e-05,4.14593698175788e-05,4.14593698175788e-05,0.997139303482587,4.14593698175788e-05,4.14593698175788e-05,4.14593698175788e-05
"/srv/data/multimodal/finnishsubset//100650-44.swf.txt",5.09683995922528e-05,5.09683995922528e-05,5.09683995922528e-05,5.09683995922528e-05,5.09683995922528e-05,5.09683995922528e-05,5.09683995922528e-05,5.09683995922528e-05,0.996483180428135,5.09683995922528e-05,0.00259938837920489,5.09683995922528e-05,5.09683995922528e-05,5.09683995922528e-05,5.09683995922528e-05,5.09683995922528e-05,5.09683995922528e-05,5.09683995922528e-05,5.09683995922528e-05,5.09683995922528e-05
"/srv/data/multimodal/finnishsubset//100650-5.swf.txt",0.0431153184165232,0.0646299483648881,8.60585197934596e-05,8.60585197934596e-05,8.60585197934596e-05,8.60585197934596e-05,8.60585197934596e-05,8.60585197934596e-05,0.00438898450946644,8.60585197934596e-05,0.52934595524957,8.60585197934596e-05,0.103356282271945,8.60585197934596e-05,8.60585197934596e-05,0.0646299483648881,8.60585197934596e-05,8.60585197934596e-05,0.189414802065404,8.60585197934596e-05
"/srv/data/multimodal/finnishsubset//100650-7.swf.txt",0.129034941763727,0.245507487520799,8.31946755407654e-05,8.31946755407654e-05,8.31946755407654e-05,8.31946755407654e-05,8.31946755407654e-05,0.174792013311148,8.31946755407654e-05,0.0832778702163062,0.0167221297836938,8.31946755407654e-05,8.31946755407654e-05,8.31946755407654e-05,0.120715474209651,0.108236272878536,8.31946755407654e-05,8.31946755407654e-05,8.31946755407654e-05,0.120715474209651
"/srv/data/multimodal/finnishsubset//100650-8.swf.txt",0.272732491389208,0.157921928817451,5.74052812858783e-05,5.74052812858783e-05,5.74052812858783e-05,5.74052812858783e-05,5.74052812858783e-05,0.0172789896670494,5.74052812858783e-05,5.74052812858783e-05,5.74052812858783e-05,5.74052812858783e-05,0.0172789896670494,0.00866819747416762,0.0689437428243398,0.100516647531573,5.74052812858783e-05,0.0345005740528129,0.028760045924225,0.292824339839265
"/srv/data/multimodal/finnishsubset//100650-9.swf.txt",6.03500301750151e-05,0.0634278817139408,0.543210621605311,6.03500301750151e-05,6.03500301750151e-05,6.03500301750151e-05,6.03500301750151e-05,6.03500301750151e-05,6.03500301750151e-05,6.03500301750151e-05,0.111707905853953,6.03500301750151e-05,0.0634278817139408,6.03500301750151e-05,6.03500301750151e-05,0.217320458660229,6.03500301750151e-05,6.03500301750151e-05,6.03500301750151e-05,6.03500301750151e-05
"/srv/data/multimodal/finnishsubset//103726-15.swf.txt",9.37207122774133e-05,0.112558575445173,9.37207122774133e-05,0.0375820056232427,9.37207122774133e-05,0.121930646672915,9.37207122774133e-05,9.37207122774133e-05,9.37207122774133e-05,9.37207122774133e-05,9.37207122774133e-05,9.37207122774133e-05,0.135988753514527,0.00477975632614808,9.37207122774133e-05,0.524929709465792,9.37207122774133e-05,0.0610121836925961,9.37207122774133e-05,9.37207122774133e-05
"/srv/data/multimodal/finnishsubset//103726-19.swf.txt",0.37398753894081,0.000155763239875389,0.109190031152648,0.327258566978193,0.000155763239875389,0.116978193146417,0.000155763239875389,0.000155763239875389,0.0235202492211838,0.000155763239875389,0.000155763239875389,0.000155763239875389,0.000155763239875389,0.000155763239875389,0.0235202492211838,0.000155763239875389,0.0235202492211838,0.000155763239875389,0.000155763239875389,0.000155763239875389
"/srv/data/multimodal/finnishsubset//103726-22.swf.txt",0.000116009280742459,0.104524361948956,0.000116009280742459,0.000116009280742459,0.000116009280742459,0.104524361948956,0.0523201856148492,0.000116009280742459,0.000116009280742459,0.000116009280742459,0.000116009280742459,0.000116009280742459,0.0755220417633411,0.0175174013921114,0.000116009280742459,0.295939675174014,0.000116009280742459,0.348143851508121,0.000116009280742459,0.000116009280742459
"/srv/data/multimodal/finnishsubset//103726-23.swf.txt",7.77000777000777e-05,0.182672882672883,7.77000777000777e-05,7.77000777000777e-05,7.77000777000777e-05,7.77000777000777e-05,0.0195027195027195,0.0117327117327117,7.77000777000777e-05,7.77000777000777e-05,7.77000777000777e-05,7.77000777000777e-05,0.101087801087801,7.77000777000777e-05,7.77000777000777e-05,0.314763014763015,7.77000777000777e-05,0.369153069153069,7.77000777000777e-05,7.77000777000777e-05
"/srv/data/multimodal/finnishsubset//103726-24.swf.txt",7.83085356303837e-05,0.14494909945184,7.83085356303837e-05,7.83085356303837e-05,7.83085356303837e-05,7.83085356303837e-05,7.83085356303837e-05,7.83085356303837e-05,7.83085356303837e-05,7.83085356303837e-05,7.83085356303837e-05,7.83085356303837e-05,0.0118245888801879,0.00790916209866875,7.83085356303837e-05,0.238919342208301,7.83085356303837e-05,0.391620986687549,0.203680501174628,7.83085356303837e-05
"/srv/data/multimodal/finnishsubset//103726-26.swf.txt",4.54132606721163e-05,0.277066303360581,4.54132606721163e-05,4.54132606721163e-05,4.54132606721163e-05,0.0295640326975477,4.54132606721163e-05,4.54132606721163e-05,4.54132606721163e-05,4.54132606721163e-05,4.54132606721163e-05,4.54132606721163e-05,0.238465031789282,4.54132606721163e-05,4.54132606721163e-05,0.454178019981835,4.54132606721163e-05,4.54132606721163e-05,4.54132606721163e-05,4.54132606721163e-05
"/srv/data/multimodal/finnishsubset//103726-2.swf.txt",0.008898055391868,0.0236299351797289,5.89275191514437e-05,5.89275191514437e-05,5.89275191514437e-05,5.89275191514437e-05,5.89275191514437e-05,5.89275191514437e-05,0.0530936947554508,0.00300530347672363,0.0206835592221567,0.727813789039481,5.89275191514437e-05,0.0354154390100177,5.89275191514437e-05,0.126753093694755,5.89275191514437e-05,5.89275191514437e-05,5.89275191514437e-05,5.89275191514437e-05
"/srv/data/multimodal/finnishsubset//103726-31.swf.txt",4.31592576607682e-05,4.31592576607682e-05,4.31592576607682e-05,4.31592576607682e-05,4.31592576607682e-05,4.31592576607682e-05,4.31592576607682e-05,0.61290461804057,4.31592576607682e-05,4.31592576607682e-05,0.133836858006042,4.31592576607682e-05,0.0518342684505827,0.0583081570996979,4.31592576607682e-05,0.142468709538196,4.31592576607682e-05,4.31592576607682e-05,4.31592576607682e-05,4.31592576607682e-05
"/srv/data/multimodal/finnishsubset//103726-33.swf.txt",0.145281306715064,0.154355716878403,9.07441016333938e-05,0.0636116152450091,9.07441016333938e-05,9.07441016333938e-05,9.07441016333938e-05,0.0545372050816697,9.07441016333938e-05,9.07441016333938e-05,9.07441016333938e-05,9.07441016333938e-05,9.07441016333938e-05,0.0137023593466425,0.208802177858439,0.267785843920145,9.07441016333938e-05,0.0772232304900181,0.0137023593466425,9.07441016333938e-05
"/srv/data/multimodal/finnishsubset//103726-36.swf.txt",0.221374490390216,0.25049504950495,5.824111822947e-05,5.824111822947e-05,5.824111822947e-05,5.824111822947e-05,5.824111822947e-05,5.824111822947e-05,5.824111822947e-05,5.824111822947e-05,5.824111822947e-05,5.824111822947e-05,0.072859638905067,5.824111822947e-05,5.824111822947e-05,0.224286546301689,5.824111822947e-05,0.0815958066394875,0.0117064647641235,0.136924868957484
"/srv/data/multimodal/finnishsubset//103726-3.swf.txt",0.000111482720178372,0.000111482720178372,0.000111482720178372,0.200780379041249,0.000111482720178372,0.0224080267558528,0.000111482720178372,0.0670011148272018,0.000111482720178372,0.000111482720178372,0.000111482720178372,0.000111482720178372,0.000111482720178372,0.000111482720178372,0.0391304347826087,0.000111482720178372,0.0168338907469342,0.652285395763657,0.000111482720178372,0.000111482720178372
"/srv/data/multimodal/finnishsubset//103726-41.swf.txt",3.16255534471853e-05,3.16255534471853e-05,3.16255534471853e-05,3.16255534471853e-05,0.999399114484503,3.16255534471853e-05,3.16255534471853e-05,3.16255534471853e-05,3.16255534471853e-05,3.16255534471853e-05,3.16255534471853e-05,3.16255534471853e-05,3.16255534471853e-05,3.16255534471853e-05,3.16255534471853e-05,3.16255534471853e-05,3.16255534471853e-05,3.16255534471853e-05,3.16255534471853e-05,3.16255534471853e-05
"/srv/data/multimodal/finnishsubset//103726-42.swf.txt",4.13736036408771e-05,4.13736036408771e-05,4.13736036408771e-05,4.13736036408771e-05,4.13736036408771e-05,4.13736036408771e-05,4.13736036408771e-05,4.13736036408771e-05,4.13736036408771e-05,4.13736036408771e-05,4.13736036408771e-05,4.13736036408771e-05,4.13736036408771e-05,4.13736036408771e-05,4.13736036408771e-05,4.13736036408771e-05,0.999213901530823,4.13736036408771e-05,4.13736036408771e-05,4.13736036408771e-05
"/srv/data/multimodal/finnishsubset//103726-43.swf.txt",5.70776255707763e-05,5.70776255707763e-05,5.70776255707763e-05,5.70776255707763e-05,0.0057648401826484,5.70776255707763e-05,5.70776255707763e-05,5.70776255707763e-05,0.993207762557078,5.70776255707763e-05,5.70776255707763e-05,5.70776255707763e-05,5.70776255707763e-05,5.70776255707763e-05,5.70776255707763e-05,5.70776255707763e-05,5.70776255707763e-05,5.70776255707763e-05,5.70776255707763e-05,5.70776255707763e-05
"/srv/data/multimodal/finnishsubset//103726-5.swf.txt",0.060361718161266,0.0792012057272042,7.53579502637528e-05,7.53579502637528e-05,7.53579502637528e-05,7.53579502637528e-05,7.53579502637528e-05,7.53579502637528e-05,0.0264506405425772,7.53579502637528e-05,0.395704596834966,0.00384325546345139,0.113112283345893,0.0226827430293896,0.0151469480030143,0.105576488319518,7.53579502637528e-05,0.0641296156744537,0.113112283345893,7.53579502637528e-05
"/srv/data/multimodal/finnishsubset//103726-6.swf.txt",0.504399141630901,0.000107296137339056,0.000107296137339056,0.000107296137339056,0.000107296137339056,0.000107296137339056,0.0108369098712446,0.000107296137339056,0.000107296137339056,0.000107296137339056,0.102038626609442,0.000107296137339056,0.166416309012876,0.000107296137339056,0.000107296137339056,0.15568669527897,0.000107296137339056,0.0162017167381974,0.000107296137339056,0.0430257510729614
"/srv/data/multimodal/finnishsubset//103726-7.swf.txt",0.372908036454018,0.149212924606462,0.0207953603976802,0.00422535211267606,8.28500414250207e-05,8.28500414250207e-05,0.157497928748964,8.28500414250207e-05,8.28500414250207e-05,8.28500414250207e-05,8.28500414250207e-05,8.28500414250207e-05,8.28500414250207e-05,8.28500414250207e-05,8.28500414250207e-05,0.244490472245236,8.28500414250207e-05,8.28500414250207e-05,8.28500414250207e-05,0.0497928748964374
"/srv/data/multimodal/finnishsubset//10433-16.swf.txt",0.000460829493087558,0.000460829493087558,0.000460829493087558,0.000460829493087558,0.000460829493087558,0.783870967741935,0.000460829493087558,0.000460829493087558,0.000460829493087558,0.0235023041474654,0.000460829493087558,0.000460829493087558,0.000460829493087558,0.000460829493087558,0.000460829493087558,0.000460829493087558,0.000460829493087558,0.184792626728111,0.000460829493087558,0.000460829493087558
"/srv/data/multimodal/finnishsubset//10433-17.swf.txt",6.12745098039216e-05,6.12745098039216e-05,6.12745098039216e-05,6.12745098039216e-05,6.12745098039216e-05,0.511703431372549,6.12745098039216e-05,6.12745098039216e-05,6.12745098039216e-05,6.12745098039216e-05,0.0184436274509804,6.12745098039216e-05,0.0306985294117647,6.12745098039216e-05,6.12745098039216e-05,0.361580882352941,6.12745098039216e-05,6.12745098039216e-05,0.0766544117647059,6.12745098039216e-05
"/srv/data/multimodal/finnishsubset//10433-19.swf.txt",5.39956803455724e-05,5.39956803455724e-05,5.39956803455724e-05,5.39956803455724e-05,0.00275377969762419,0.483315334773218,0.0216522678185745,5.39956803455724e-05,0.00815334773218142,5.39956803455724e-05,5.39956803455724e-05,5.39956803455724e-05,0.0513498920086393,5.39956803455724e-05,5.39956803455724e-05,0.432019438444924,5.39956803455724e-05,5.39956803455724e-05,5.39956803455724e-05,5.39956803455724e-05
"/srv/data/multimodal/finnishsubset//10433-26.swf.txt",4.17188151856487e-05,4.17188151856487e-05,4.17188151856487e-05,4.17188151856487e-05,4.17188151856487e-05,4.17188151856487e-05,4.17188151856487e-05,0.237838965373383,4.17188151856487e-05,4.17188151856487e-05,0.344221944096788,4.17188151856487e-05,0.233667083854819,4.17188151856487e-05,4.17188151856487e-05,0.179432624113475,4.17188151856487e-05,4.17188151856487e-05,4.17188151856487e-05,0.00421360033375052
"/srv/data/multimodal/finnishsubset//10433-27.swf.txt",5.45851528384279e-05,5.45851528384279e-05,5.45851528384279e-05,5.45851528384279e-05,5.45851528384279e-05,5.45851528384279e-05,5.45851528384279e-05,0.262063318777293,5.45851528384279e-05,0.0464519650655022,0.289355895196507,5.45851528384279e-05,0.223853711790393,5.45851528384279e-05,5.45851528384279e-05,0.177456331877729,5.45851528384279e-05,5.45851528384279e-05,5.45851528384279e-05,5.45851528384279e-05
"/srv/data/multimodal/finnishsubset//10433-29.swf.txt",0.0214693295292439,7.13266761768902e-05,7.13266761768902e-05,7.13266761768902e-05,7.13266761768902e-05,7.13266761768902e-05,0.0036376604850214,0.0036376604850214,7.13266761768902e-05,7.13266761768902e-05,7.13266761768902e-05,7.13266761768902e-05,7.13266761768902e-05,7.13266761768902e-05,0.185520684736091,0.256847360912981,7.13266761768902e-05,7.13266761768902e-05,0.267546362339515,0.260413694721826
"/srv/data/multimodal/finnishsubset//10433-30.swf.txt",0.062481644640235,7.34214390602056e-05,7.34214390602056e-05,7.34214390602056e-05,7.34214390602056e-05,7.34214390602056e-05,7.34214390602056e-05,7.34214390602056e-05,7.34214390602056e-05,7.34214390602056e-05,7.34214390602056e-05,7.34214390602056e-05,7.34214390602056e-05,7.34214390602056e-05,0.290088105726872,0.286417033773862,7.34214390602056e-05,7.34214390602056e-05,0.150587371512482,0.209324522760646
"/srv/data/multimodal/finnishsubset//10433-32.swf.txt",0.00366379310344828,7.18390804597701e-05,7.18390804597701e-05,7.18390804597701e-05,7.18390804597701e-05,7.18390804597701e-05,7.18390804597701e-05,7.18390804597701e-05,0.0108477011494253,7.18390804597701e-05,7.18390804597701e-05,7.18390804597701e-05,7.18390804597701e-05,7.18390804597701e-05,0.298204022988506,0.158117816091954,7.18390804597701e-05,7.18390804597701e-05,0.388002873563218,0.140158045977012
"/srv/data/multimodal/finnishsubset//10433-33.swf.txt",2.70855904658722e-05,2.70855904658722e-05,2.70855904658722e-05,0.419853737811484,0.57965872156013,2.70855904658722e-05,2.70855904658722e-05,2.70855904658722e-05,2.70855904658722e-05,2.70855904658722e-05,2.70855904658722e-05,2.70855904658722e-05,2.70855904658722e-05,2.70855904658722e-05,2.70855904658722e-05,2.70855904658722e-05,2.70855904658722e-05,2.70855904658722e-05,2.70855904658722e-05,2.70855904658722e-05
"/srv/data/multimodal/finnishsubset//10433-3.swf.txt",0.000211864406779661,0.000211864406779661,0.000211864406779661,0.000211864406779661,0.000211864406779661,0.116737288135593,0.0319915254237288,0.063771186440678,0.000211864406779661,0.000211864406779661,0.000211864406779661,0.000211864406779661,0.000211864406779661,0.000211864406779661,0.000211864406779661,0.0531779661016949,0.000211864406779661,0.62521186440678,0.000211864406779661,0.10614406779661
"/srv/data/multimodal/finnishsubset//10433-5.swf.txt",7.53579502637528e-05,7.53579502637528e-05,7.53579502637528e-05,7.53579502637528e-05,7.53579502637528e-05,0.00761115297663903,7.53579502637528e-05,0.0226827430293896,7.53579502637528e-05,7.53579502637528e-05,0.651921627731726,7.53579502637528e-05,0.113112283345893,7.53579502637528e-05,0.0641296156744536,0.0754333082140166,7.53579502637528e-05,7.53579502637528e-05,7.53579502637528e-05,0.0641296156744536
"/srv/data/multimodal/finnishsubset//10433-8.swf.txt",9.32835820895522e-05,9.32835820895522e-05,0.0700559701492537,9.32835820895522e-05,9.32835820895522e-05,9.32835820895522e-05,0.340578358208955,9.32835820895522e-05,9.32835820895522e-05,0.0140858208955224,9.32835820895522e-05,9.32835820895522e-05,9.32835820895522e-05,9.32835820895522e-05,9.32835820895522e-05,0.424533582089552,9.32835820895522e-05,9.32835820895522e-05,9.32835820895522e-05,0.149347014925373
"/srv/data/multimodal/finnishsubset//105063-16.swf.txt",0.000115340253748558,0.0289504036908881,0.000115340253748558,0.000115340253748558,0.000115340253748558,0.513379469434833,0.000115340253748558,0.000115340253748558,0.000115340253748558,0.000115340253748558,0.000115340253748558,0.000115340253748558,0.000115340253748558,0.000115340253748558,0.000115340253748558,0.455709342560554,0.000115340253748558,0.000115340253748558,0.000115340253748558,0.000115340253748558
"/srv/data/multimodal/finnishsubset//105063-19.swf.txt",0.332927702219041,0.0537580529706514,7.15819613457409e-05,7.15819613457409e-05,7.15819613457409e-05,0.0931281317108089,0.0394416607015032,7.15819613457409e-05,7.15819613457409e-05,7.15819613457409e-05,7.15819613457409e-05,7.15819613457409e-05,0.0358625626342162,7.15819613457409e-05,7.15819613457409e-05,0.372297780959198,7.15819613457409e-05,7.15819613457409e-05,7.15819613457409e-05,0.0716535433070866
"/srv/data/multimodal/finnishsubset//105063-21.swf.txt",0.497617379117029,0.0631394533987386,7.00770847932726e-05,7.00770847932726e-05,7.00770847932726e-05,7.00770847932726e-05,0.0456201822004205,7.00770847932726e-05,7.00770847932726e-05,7.00770847932726e-05,7.00770847932726e-05,7.00770847932726e-05,7.00770847932726e-05,7.00770847932726e-05,7.00770847932726e-05,0.343447792571829,7.00770847932726e-05,7.00770847932726e-05,0.0491240364400841,7.00770847932726e-05
"/srv/data/multimodal/finnishsubset//105063-22.swf.txt",0.578688524590164,0.0917068466730955,0.00973963355834137,9.64320154291225e-05,9.64320154291225e-05,0.0483124397299904,9.64320154291225e-05,9.64320154291225e-05,9.64320154291225e-05,9.64320154291225e-05,0.0579556412729026,9.64320154291225e-05,9.64320154291225e-05,9.64320154291225e-05,9.64320154291225e-05,0.212246865959499,9.64320154291225e-05,9.64320154291225e-05,9.64320154291225e-05,9.64320154291225e-05
"/srv/data/multimodal/finnishsubset//105063-28.swf.txt",5.45851528384279e-05,0.051910480349345,5.45851528384279e-05,5.45851528384279e-05,5.45851528384279e-05,5.45851528384279e-05,5.45851528384279e-05,0.248417030567686,5.45851528384279e-05,5.45851528384279e-05,5.45851528384279e-05,5.45851528384279e-05,0.0682860262008734,5.45851528384279e-05,5.45851528384279e-05,0.286626637554585,5.45851528384279e-05,5.45851528384279e-05,0.343941048034935,5.45851528384279e-05
"/srv/data/multimodal/finnishsubset//105063-29.swf.txt",0.000105042016806723,0.000105042016806723,0.000105042016806723,0.000105042016806723,0.000105042016806723,0.000105042016806723,0.000105042016806723,0.315231092436975,0.000105042016806723,0.0368697478991597,0.0473739495798319,0.000105042016806723,0.0788865546218487,0.000105042016806723,0.000105042016806723,0.351995798319328,0.000105042016806723,0.000105042016806723,0.168172268907563,0.000105042016806723
"/srv/data/multimodal/finnishsubset//105063-2.swf.txt",6.10873549175321e-05,6.10873549175321e-05,6.10873549175321e-05,6.10873549175321e-05,6.10873549175321e-05,6.10873549175321e-05,6.10873549175321e-05,0.137507635919365,6.10873549175321e-05,6.10873549175321e-05,0.18637751985339,0.626206475259621,6.10873549175321e-05,6.10873549175321e-05,6.10873549175321e-05,0.0458766035430666,0.00311545510079414,6.10873549175321e-05,6.10873549175321e-05,6.10873549175321e-05
"/srv/data/multimodal/finnishsubset//105063-31.swf.txt",0.0480248306997743,5.64334085778781e-05,0.380981941309255,5.64334085778781e-05,5.64334085778781e-05,5.64334085778781e-05,5.64334085778781e-05,0.0621331828442438,5.64334085778781e-05,5.64334085778781e-05,5.64334085778781e-05,5.64334085778781e-05,0.211681715575621,5.64334085778781e-05,0.118566591422122,0.177821670428894,5.64334085778781e-05,5.64334085778781e-05,5.64334085778781e-05,5.64334085778781e-05
"/srv/data/multimodal/finnishsubset//105063-32.swf.txt",5.02008032128514e-05,5.02008032128514e-05,0.476957831325301,5.02008032128514e-05,5.02008032128514e-05,5.02008032128514e-05,5.02008032128514e-05,0.0703313253012048,5.02008032128514e-05,5.02008032128514e-05,5.02008032128514e-05,5.02008032128514e-05,0.0828815261044177,5.02008032128514e-05,0.07535140562249,0.235993975903614,5.02008032128514e-05,5.02008032128514e-05,0.057781124497992,5.02008032128514e-05
"/srv/data/multimodal/finnishsubset//105063-33.swf.txt",0.23871359223301,0.198260517799353,4.0453074433657e-05,4.0453074433657e-05,4.0453074433657e-05,4.0453074433657e-05,0.0182443365695793,4.0453074433657e-05,4.0453074433657e-05,0.00813106796116505,0.0121763754045307,4.0453074433657e-05,4.0453074433657e-05,4.0453074433657e-05,0.0182443365695793,0.467273462783172,4.0453074433657e-05,4.0453074433657e-05,0.0384708737864078,4.0453074433657e-05
"/srv/data/multimodal/finnishsubset//105063-34.swf.txt",0.120592286501377,0.227341597796143,0.0413911845730028,6.8870523415978e-05,6.8870523415978e-05,0.0827134986225895,6.8870523415978e-05,6.8870523415978e-05,6.8870523415978e-05,6.8870523415978e-05,6.8870523415978e-05,6.8870523415978e-05,6.8870523415978e-05,6.8870523415978e-05,0.11370523415978,6.8870523415978e-05,6.8870523415978e-05,0.099931129476584,0.313429752066116,6.8870523415978e-05
"/srv/data/multimodal/finnishsubset//105063-36.swf.txt",6.70241286863271e-05,6.70241286863271e-05,6.70241286863271e-05,0.124061662198391,6.70241286863271e-05,0.0939008042895442,6.70241286863271e-05,0.0302278820375335,6.70241286863271e-05,6.70241286863271e-05,0.00676943699731904,0.0101206434316354,6.70241286863271e-05,6.70241286863271e-05,6.70241286863271e-05,0.0503351206434316,6.70241286863271e-05,0.204490616621984,0.160924932975871,0.31843163538874
"/srv/data/multimodal/finnishsubset//105063-37.swf.txt",2.11327134404057e-05,2.11327134404057e-05,2.11327134404057e-05,0.0560228233305156,2.11327134404057e-05,0.0644759087066779,0.0359467455621302,2.11327134404057e-05,2.11327134404057e-05,2.11327134404057e-05,2.11327134404057e-05,2.11327134404057e-05,0.795667793744717,2.11327134404057e-05,2.11327134404057e-05,0.0412299239222316,2.11327134404057e-05,0.00636094674556213,2.11327134404057e-05,2.11327134404057e-05
"/srv/data/multimodal/finnishsubset//105063-3.swf.txt",0.000137551581843191,0.000137551581843191,0.000137551581843191,0.268363136176066,0.000137551581843191,0.000137551581843191,0.000137551581843191,0.0207702888583219,0.000137551581843191,0.000137551581843191,0.000137551581843191,0.000137551581843191,0.000137551581843191,0.000137551581843191,0.000137551581843191,0.000137551581843191,0.000137551581843191,0.577854195323246,0.130811554332875,0.000137551581843191
"/srv/data/multimodal/finnishsubset//105063-41.swf.txt",3.16255534471853e-05,3.16255534471853e-05,3.16255534471853e-05,3.16255534471853e-05,0.999399114484503,3.16255534471853e-05,3.16255534471853e-05,3.16255534471853e-05,3.16255534471853e-05,3.16255534471853e-05,3.16255534471853e-05,3.16255534471853e-05,3.16255534471853e-05,3.16255534471853e-05,3.16255534471853e-05,3.16255534471853e-05,3.16255534471853e-05,3.16255534471853e-05,3.16255534471853e-05,3.16255534471853e-05
"/srv/data/multimodal/finnishsubset//105063-42.swf.txt",4.13736036408771e-05,4.13736036408771e-05,4.13736036408771e-05,4.13736036408771e-05,4.13736036408771e-05,4.13736036408771e-05,4.13736036408771e-05,4.13736036408771e-05,4.13736036408771e-05,4.13736036408771e-05,4.13736036408771e-05,4.13736036408771e-05,4.13736036408771e-05,4.13736036408771e-05,4.13736036408771e-05,4.13736036408771e-05,0.999213901530823,4.13736036408771e-05,4.13736036408771e-05,4.13736036408771e-05
"/srv/data/multimodal/finnishsubset//105063-43.swf.txt",5.64334085778781e-05,5.64334085778781e-05,5.64334085778781e-05,5.64334085778781e-05,5.64334085778781e-05,5.64334085778781e-05,5.64334085778781e-05,5.64334085778781e-05,0.990462753950339,5.64334085778781e-05,5.64334085778781e-05,5.64334085778781e-05,5.64334085778781e-05,5.64334085778781e-05,5.64334085778781e-05,5.64334085778781e-05,5.64334085778781e-05,5.64334085778781e-05,0.00852144469525959,5.64334085778781e-05
"/srv/data/multimodal/finnishsubset//105063-50.swf.txt",0.16712224753227,7.59301442672741e-05,7.59301442672741e-05,0.151936218678815,7.59301442672741e-05,7.59301442672741e-05,7.59301442672741e-05,7.59301442672741e-05,7.59301442672741e-05,7.59301442672741e-05,0.0949886104783599,7.59301442672741e-05,7.59301442672741e-05,0.53538344722855,7.59301442672741e-05,0.0494305239179954,7.59301442672741e-05,7.59301442672741e-05,7.59301442672741e-05,7.59301442672741e-05
"/srv/data/multimodal/finnishsubset//105063-5.swf.txt",6.24219725343321e-05,0.109300873907615,0.00942571785268414,6.24219725343321e-05,6.24219725343321e-05,0.018789013732834,0.0156679151061174,6.24219725343321e-05,6.24219725343321e-05,6.24219725343321e-05,0.561860174781523,6.24219725343321e-05,0.0624843945068664,6.24219725343321e-05,0.0125468164794007,0.0905742821473158,0.018789013732834,6.24219725343321e-05,0.0468789013732834,0.0531210986267166
"/srv/data/multimodal/finnishsubset//105063-9.swf.txt",0.237438180019782,0.0420870425321464,0.0223046488625124,0.00499505440158259,4.94559841740851e-05,4.94559841740851e-05,4.94559841740851e-05,0.0717606330365974,4.94559841740851e-05,4.94559841740851e-05,0.0495054401582592,4.94559841740851e-05,0.133580613254204,4.94559841740851e-05,4.94559841740851e-05,0.239910979228487,4.94559841740851e-05,0.0173590504451039,4.94559841740851e-05,0.180563798219585
"/srv/data/multimodal/finnishsubset//108101-19.swf.txt",6.20347394540943e-05,6.20347394540943e-05,6.20347394540943e-05,6.20347394540943e-05,6.20347394540943e-05,0.0217741935483871,6.20347394540943e-05,6.20347394540943e-05,6.20347394540943e-05,6.20347394540943e-05,6.20347394540943e-05,6.20347394540943e-05,0.0248759305210918,6.20347394540943e-05,6.20347394540943e-05,0.273014888337469,6.20347394540943e-05,6.20347394540943e-05,0.679342431761787,6.20347394540943e-05
"/srv/data/multimodal/finnishsubset//108101-22.swf.txt",0.111845861084681,0.154662226450999,4.75737392959087e-05,0.033349191246432,4.75737392959087e-05,4.75737392959087e-05,4.75737392959087e-05,4.75737392959087e-05,4.75737392959087e-05,4.75737392959087e-05,4.75737392959087e-05,4.75737392959087e-05,0.468648905803996,4.75737392959087e-05,4.75737392959087e-05,0.230780209324453,4.75737392959087e-05,4.75737392959087e-05,4.75737392959087e-05,4.75737392959087e-05
"/srv/data/multimodal/finnishsubset//108101-26.swf.txt",0.0662391394290443,0.372403806371535,4.13736036408771e-05,4.13736036408771e-05,4.13736036408771e-05,4.13736036408771e-05,4.13736036408771e-05,0.041414977244518,4.13736036408771e-05,4.13736036408771e-05,4.13736036408771e-05,4.13736036408771e-05,0.10140670252379,0.00211005378568473,4.13736036408771e-05,0.335167563094746,4.13736036408771e-05,4.13736036408771e-05,4.13736036408771e-05,0.0807199007033513
"/srv/data/multimodal/finnishsubset//108101-2.swf.txt",6.77048070412999e-05,6.77048070412999e-05,6.77048070412999e-05,6.77048070412999e-05,6.77048070412999e-05,6.77048070412999e-05,6.77048070412999e-05,0.108395396073121,6.77048070412999e-05,6.77048070412999e-05,6.77048070412999e-05,0.738050101557211,6.77048070412999e-05,0.0339201083276913,6.77048070412999e-05,0.0982396750169262,6.77048070412999e-05,0.0203791469194313,6.77048070412999e-05,6.77048070412999e-05
"/srv/data/multimodal/finnishsubset//108101-32.swf.txt",3.61402240693892e-05,0.0668955547524395,3.61402240693892e-05,3.61402240693892e-05,3.61402240693892e-05,3.61402240693892e-05,3.61402240693892e-05,3.61402240693892e-05,0.0108782074448862,3.61402240693892e-05,3.61402240693892e-05,3.61402240693892e-05,3.61402240693892e-05,0.0253342970726418,0.26747379833755,0.296385977593061,3.61402240693892e-05,3.61402240693892e-05,0.33252620166245,3.61402240693892e-05
"/srv/data/multimodal/finnishsubset//108101-34.swf.txt",0.0168158090976883,0.128672632363908,0.130536912751678,0.0130872483221477,3.72856077554064e-05,3.72856077554064e-05,0.00190156599552573,0.14545115585384,3.72856077554064e-05,3.72856077554064e-05,3.72856077554064e-05,3.72856077554064e-05,0.2610365398956,3.72856077554064e-05,3.72856077554064e-05,0.302050708426547,3.72856077554064e-05,3.72856077554064e-05,3.72856077554064e-05,3.72856077554064e-05
"/srv/data/multimodal/finnishsubset//108101-36.swf.txt",7.4794315632012e-05,7.4794315632012e-05,7.4794315632012e-05,0.0786088257292446,7.4794315632012e-05,7.4794315632012e-05,0.0262528047868362,0.0636499626028422,7.4794315632012e-05,7.4794315632012e-05,7.4794315632012e-05,0.0112939416604338,0.0225130890052356,7.4794315632012e-05,0.108526551982049,0.108526551982049,7.4794315632012e-05,7.4794315632012e-05,7.4794315632012e-05,0.579730740463725
"/srv/data/multimodal/finnishsubset//108101-37.swf.txt",4.25170068027211e-05,4.25170068027211e-05,4.25170068027211e-05,0.159481292517007,0.0149234693877551,4.25170068027211e-05,4.25170068027211e-05,4.25170068027211e-05,4.25170068027211e-05,4.25170068027211e-05,4.25170068027211e-05,4.25170068027211e-05,0.758971088435374,0.00216836734693878,4.25170068027211e-05,4.25170068027211e-05,4.25170068027211e-05,4.25170068027211e-05,4.25170068027211e-05,0.0638180272108844
"/srv/data/multimodal/finnishsubset//108101-41.swf.txt",3.1675641431739e-05,3.1675641431739e-05,3.1675641431739e-05,3.1675641431739e-05,0.999398162812797,3.1675641431739e-05,3.1675641431739e-05,3.1675641431739e-05,3.1675641431739e-05,3.1675641431739e-05,3.1675641431739e-05,3.1675641431739e-05,3.1675641431739e-05,3.1675641431739e-05,3.1675641431739e-05,3.1675641431739e-05,3.1675641431739e-05,3.1675641431739e-05,3.1675641431739e-05,3.1675641431739e-05
"/srv/data/multimodal/finnishsubset//108101-42.swf.txt",3.87296669248644e-05,3.87296669248644e-05,3.87296669248644e-05,3.87296669248644e-05,3.87296669248644e-05,3.87296669248644e-05,3.87296669248644e-05,3.87296669248644e-05,3.87296669248644e-05,3.87296669248644e-05,3.87296669248644e-05,3.87296669248644e-05,3.87296669248644e-05,3.87296669248644e-05,3.87296669248644e-05,3.87296669248644e-05,0.999264136328428,3.87296669248644e-05,3.87296669248644e-05,3.87296669248644e-05
"/srv/data/multimodal/finnishsubset//108101-43.swf.txt",5.70776255707763e-05,5.70776255707763e-05,5.70776255707763e-05,0.00861872146118721,5.70776255707763e-05,5.70776255707763e-05,5.70776255707763e-05,5.70776255707763e-05,0.9875,5.70776255707763e-05,5.70776255707763e-05,0.00291095890410959,5.70776255707763e-05,5.70776255707763e-05,5.70776255707763e-05,5.70776255707763e-05,5.70776255707763e-05,5.70776255707763e-05,5.70776255707763e-05,5.70776255707763e-05
"/srv/data/multimodal/finnishsubset//108101-5.swf.txt",6.30119722747322e-05,0.116635160680529,6.30119722747322e-05,6.30119722747322e-05,6.30119722747322e-05,6.30119722747322e-05,6.30119722747322e-05,6.30119722747322e-05,0.0473219911783239,6.30119722747322e-05,0.390737240075614,0.239508506616257,0.110333963453056,6.30119722747322e-05,6.30119722747322e-05,0.0284183994959042,6.30119722747322e-05,6.30119722747322e-05,0.0662255828607436,6.30119722747322e-05
"/srv/data/multimodal/finnishsubset//108101-6.swf.txt",5.58035714285714e-05,0.0307477678571429,5.58035714285714e-05,0.0865513392857143,5.58035714285714e-05,5.58035714285714e-05,5.58035714285714e-05,0.413002232142857,5.58035714285714e-05,5.58035714285714e-05,0.0530691964285714,5.58035714285714e-05,0.198158482142857,5.58035714285714e-05,0.00563616071428571,0.153515625,5.58035714285714e-05,0.00563616071428571,0.0530691964285714,5.58035714285714e-05
"/srv/data/multimodal/finnishsubset//108101-8.swf.txt",5.65930956423316e-05,0.0821165817770232,0.113242784380306,5.65930956423316e-05,5.65930956423316e-05,5.65930956423316e-05,0.00854555744199208,5.65930956423316e-05,5.65930956423316e-05,5.65930956423316e-05,5.65930956423316e-05,5.65930956423316e-05,0.0113752122241087,5.65930956423316e-05,5.65930956423316e-05,0.209451046972269,5.65930956423316e-05,0.00288624787775891,0.571646859083192,5.65930956423316e-05
"/srv/data/multimodal/finnishsubset//108294-14.swf.txt",0.148653667595172,0.116155988857939,0.167223769730734,9.28505106778087e-05,9.28505106778087e-05,9.28505106778087e-05,0.0140204271123491,9.28505106778087e-05,9.28505106778087e-05,9.28505106778087e-05,0.0604456824512535,9.28505106778087e-05,0.116155988857939,0.00473537604456825,9.28505106778087e-05,0.371494893221913,9.28505106778087e-05,9.28505106778087e-05,9.28505106778087e-05,9.28505106778087e-05
"/srv/data/multimodal/finnishsubset//108294-15.swf.txt",0.0214107588172426,0.160349127182045,0.156786604916281,3.56252226576416e-05,3.56252226576416e-05,3.56252226576416e-05,3.56252226576416e-05,3.56252226576416e-05,3.56252226576416e-05,3.56252226576416e-05,0.142536515853224,3.56252226576416e-05,0.252974706091913,0.0178482365514784,0.0196294976843605,0.226255789098682,3.56252226576416e-05,3.56252226576416e-05,0.00181688635553972,3.56252226576416e-05
"/srv/data/multimodal/finnishsubset//108294-28.swf.txt",0.307057163020466,7.05716302046577e-05,7.05716302046577e-05,0.0353563867325335,7.05716302046577e-05,0.00359915314043754,7.05716302046577e-05,7.05716302046577e-05,7.05716302046577e-05,7.05716302046577e-05,0.0635850388143966,7.05716302046577e-05,7.05716302046577e-05,0.00359915314043754,0.0106563161609033,0.317642907551164,7.05716302046577e-05,7.05716302046577e-05,0.151799576570219,0.105928016937191
"/srv/data/multimodal/finnishsubset//108294-29.swf.txt",0.274652987326494,0.0996378998189499,6.03500301750151e-05,6.03500301750151e-05,0.00609535304767652,6.03500301750151e-05,6.03500301750151e-05,6.03500301750151e-05,6.03500301750151e-05,6.03500301750151e-05,0.147917923958962,6.03500301750151e-05,6.03500301750151e-05,6.03500301750151e-05,6.03500301750151e-05,0.304828002414001,6.03500301750151e-05,6.03500301750151e-05,0.129812914906457,0.0362703681351841
"/srv/data/multimodal/finnishsubset//108294-30.swf.txt",0.284217171717172,0.221085858585859,0.000126262626262626,0.000126262626262626,0.000126262626262626,0.000126262626262626,0.000126262626262626,0.120075757575758,0.000126262626262626,0.000126262626262626,0.000126262626262626,0.000126262626262626,0.000126262626262626,0.000126262626262626,0.000126262626262626,0.334722222222222,0.0190656565656566,0.000126262626262626,0.00643939393939394,0.0127525252525253
